0.000000000000000000e+00
1.000000000000000000e+00
2.665259999999999962e+00
4.533159999999999634e+00
7.018720000000000070e+00
9.557840000000000558e+00
1.255259999999999998e+01
1.545260000000000034e+01
1.898006000000000171e+01
2.244584000000000046e+01
2.619241999999999848e+01
3.010124000000000066e+01
3.426677999999999713e+01
3.820112000000000307e+01
4.269709999999999894e+01
4.687248000000000303e+01
5.240677999999999770e+01
5.625495999999999697e+01
6.213092000000000326e+01
6.635128000000000270e+01
