4.050000000000000000e+03
4.022000000000000000e+03
4.042000000000000000e+03
4.050000000000000000e+03
3.996000000000000000e+03
4.014000000000000000e+03
4.042000000000000000e+03
4.000000000000000000e+03
4.002000000000000000e+03
3.996000000000000000e+03
4.012000000000000000e+03
4.018000000000000000e+03
4.026000000000000000e+03
4.008000000000000000e+03
3.996000000000000000e+03
3.994000000000000000e+03
3.988000000000000000e+03
3.970000000000000000e+03
3.988000000000000000e+03
3.952000000000000000e+03
3.982000000000000000e+03
3.970000000000000000e+03
3.970000000000000000e+03
3.982000000000000000e+03
3.954000000000000000e+03
3.902000000000000000e+03
3.972000000000000000e+03
3.916000000000000000e+03
3.912000000000000000e+03
3.946000000000000000e+03
3.932000000000000000e+03
3.904000000000000000e+03
3.916000000000000000e+03
3.888000000000000000e+03
3.958000000000000000e+03
3.872000000000000000e+03
3.878000000000000000e+03
3.914000000000000000e+03
3.834000000000000000e+03
3.832000000000000000e+03
3.840000000000000000e+03
3.844000000000000000e+03
3.788000000000000000e+03
3.806000000000000000e+03
3.770000000000000000e+03
3.784000000000000000e+03
3.742000000000000000e+03
3.664000000000000000e+03
3.782000000000000000e+03
3.604000000000000000e+03
3.684000000000000000e+03
3.704000000000000000e+03
3.744000000000000000e+03
3.680000000000000000e+03
3.610000000000000000e+03
3.658000000000000000e+03
3.572000000000000000e+03
3.668000000000000000e+03
3.536000000000000000e+03
3.302000000000000000e+03
3.554000000000000000e+03
3.534000000000000000e+03
3.512000000000000000e+03
3.482000000000000000e+03
3.288000000000000000e+03
3.408000000000000000e+03
3.132000000000000000e+03
3.224000000000000000e+03
2.850000000000000000e+03
3.336000000000000000e+03
2.710000000000000000e+03
3.322000000000000000e+03
3.090000000000000000e+03
3.218000000000000000e+03
2.354000000000000000e+03
2.646000000000000000e+03
1.512000000000000000e+03
2.392000000000000000e+03
2.046000000000000000e+03
1.850000000000000000e+03
1.688000000000000000e+03
2.186000000000000000e+03
1.670000000000000000e+03
1.898000000000000000e+03
2.034000000000000000e+03
1.444000000000000000e+03
8.800000000000000000e+02
1.280000000000000000e+03
4.420000000000000000e+02
3.200000000000000000e+01
7.720000000000000000e+02
8.080000000000000000e+02
6.360000000000000000e+02
2.820000000000000000e+02
3.100000000000000000e+02
5.180000000000000000e+02
4.300000000000000000e+02
3.360000000000000000e+02
1.420000000000000000e+02
2.200000000000000000e+02
8.360000000000000000e+02
1.560000000000000000e+02
3.300000000000000000e+02
2.080000000000000000e+02
8.800000000000000000e+01
1.320000000000000000e+02
2.600000000000000000e+01
3.220000000000000000e+02
0.000000000000000000e+00
2.800000000000000000e+01
4.100000000000000000e+02
4.060000000000000000e+02
5.160000000000000000e+02
9.800000000000000000e+01
1.000000000000000000e+02
7.400000000000000000e+01
2.060000000000000000e+02
5.500000000000000000e+02
2.460000000000000000e+02
1.500000000000000000e+02
8.000000000000000000e+01
1.060000000000000000e+02
3.700000000000000000e+02
4.740000000000000000e+02
3.780000000000000000e+02
5.140000000000000000e+02
6.600000000000000000e+01
8.800000000000000000e+01
4.600000000000000000e+01
1.000000000000000000e+02
8.400000000000000000e+01
3.380000000000000000e+02
5.160000000000000000e+02
1.600000000000000000e+01
9.000000000000000000e+01
2.200000000000000000e+02
2.140000000000000000e+02
2.200000000000000000e+02
4.120000000000000000e+02
2.800000000000000000e+01
1.520000000000000000e+02
3.600000000000000000e+01
2.860000000000000000e+02
4.720000000000000000e+02
5.000000000000000000e+01
7.600000000000000000e+01
1.640000000000000000e+02
8.000000000000000000e+00
1.600000000000000000e+02
3.240000000000000000e+02
1.540000000000000000e+02
3.280000000000000000e+02
2.560000000000000000e+02
9.200000000000000000e+01
1.900000000000000000e+02
1.680000000000000000e+02
1.320000000000000000e+02
6.800000000000000000e+01
9.000000000000000000e+01
2.780000000000000000e+02
1.040000000000000000e+02
2.000000000000000000e+00
6.400000000000000000e+01
2.500000000000000000e+02
1.200000000000000000e+01
1.400000000000000000e+01
1.400000000000000000e+02
8.400000000000000000e+01
2.440000000000000000e+02
8.000000000000000000e+00
2.340000000000000000e+02
9.200000000000000000e+01
1.060000000000000000e+02
1.700000000000000000e+02
1.600000000000000000e+01
1.680000000000000000e+02
1.200000000000000000e+01
2.600000000000000000e+02
1.280000000000000000e+02
1.600000000000000000e+02
3.600000000000000000e+01
2.320000000000000000e+02
1.340000000000000000e+02
1.880000000000000000e+02
2.820000000000000000e+02
8.000000000000000000e+00
1.720000000000000000e+02
2.040000000000000000e+02
4.200000000000000000e+01
7.000000000000000000e+01
1.880000000000000000e+02
4.000000000000000000e+00
6.000000000000000000e+00
1.360000000000000000e+02
1.320000000000000000e+02
4.280000000000000000e+02
1.140000000000000000e+02
1.220000000000000000e+02
1.400000000000000000e+01
1.880000000000000000e+02
