-1.040000000000000000e+02
-1.022000000000000000e+04
-1.426800000000000000e+04
-1.726000000000000000e+04
-1.888400000000000000e+04
-1.962400000000000000e+04
-1.951600000000000000e+04
-1.943200000000000000e+04
-1.948000000000000000e+04
-1.952800000000000000e+04
-1.959600000000000000e+04
-1.940800000000000000e+04
-1.953600000000000000e+04
-1.947600000000000000e+04
-1.959600000000000000e+04
-1.942000000000000000e+04
-1.965200000000000000e+04
-1.950800000000000000e+04
-1.950400000000000000e+04
-1.958800000000000000e+04
-1.939600000000000000e+04
-1.950400000000000000e+04
-1.946000000000000000e+04
-1.948400000000000000e+04
-1.954800000000000000e+04
-1.946400000000000000e+04
-1.958000000000000000e+04
-1.962800000000000000e+04
-1.950400000000000000e+04
-1.946800000000000000e+04
-1.960400000000000000e+04
-1.948400000000000000e+04
-1.952400000000000000e+04
-1.951600000000000000e+04
-1.934000000000000000e+04
-1.950400000000000000e+04
-1.948800000000000000e+04
-1.955600000000000000e+04
-1.955200000000000000e+04
-1.946400000000000000e+04
-1.958800000000000000e+04
-1.946400000000000000e+04
-1.954800000000000000e+04
-1.952800000000000000e+04
-1.943600000000000000e+04
-1.959600000000000000e+04
-1.955600000000000000e+04
-1.957600000000000000e+04
-1.947600000000000000e+04
-1.953200000000000000e+04
-1.948400000000000000e+04
-1.961600000000000000e+04
-1.941600000000000000e+04
-1.952400000000000000e+04
-1.942800000000000000e+04
-1.960400000000000000e+04
-1.948800000000000000e+04
-1.947600000000000000e+04
-1.944400000000000000e+04
-1.942800000000000000e+04
-1.955200000000000000e+04
-1.942800000000000000e+04
-1.946800000000000000e+04
-1.950400000000000000e+04
-1.950000000000000000e+04
-1.940000000000000000e+04
-1.955600000000000000e+04
-1.953200000000000000e+04
-1.947600000000000000e+04
-1.954800000000000000e+04
-1.957200000000000000e+04
-1.944000000000000000e+04
-1.952400000000000000e+04
-1.950400000000000000e+04
-1.947600000000000000e+04
-1.946800000000000000e+04
-1.954400000000000000e+04
-1.943200000000000000e+04
-1.946000000000000000e+04
-1.952400000000000000e+04
-1.958800000000000000e+04
-1.940400000000000000e+04
-1.957200000000000000e+04
-1.949600000000000000e+04
-1.953200000000000000e+04
-1.953200000000000000e+04
-1.945200000000000000e+04
-1.945200000000000000e+04
-1.942000000000000000e+04
-1.949200000000000000e+04
-1.959600000000000000e+04
-1.952400000000000000e+04
-1.950400000000000000e+04
-1.952800000000000000e+04
-1.952400000000000000e+04
-1.939200000000000000e+04
-1.964000000000000000e+04
-1.958400000000000000e+04
-1.963600000000000000e+04
-1.942000000000000000e+04
-1.952400000000000000e+04
