-1.040000000000000000e+02
-7.628000000000000000e+03
-9.444000000000000000e+03
-1.045600000000000000e+04
-1.118000000000000000e+04
-1.232800000000000000e+04
-1.218000000000000000e+04
-1.287600000000000000e+04
-1.328000000000000000e+04
-1.358800000000000000e+04
-1.390800000000000000e+04
-1.330000000000000000e+04
-1.392000000000000000e+04
-1.427200000000000000e+04
-1.433600000000000000e+04
-1.424800000000000000e+04
-1.407600000000000000e+04
-1.428800000000000000e+04
-1.415200000000000000e+04
-1.411600000000000000e+04
-1.438800000000000000e+04
-1.442400000000000000e+04
-1.382800000000000000e+04
-1.452800000000000000e+04
-1.422800000000000000e+04
-1.448800000000000000e+04
-1.464800000000000000e+04
-1.463600000000000000e+04
-1.457600000000000000e+04
-1.456000000000000000e+04
-1.447200000000000000e+04
-1.433600000000000000e+04
-1.498800000000000000e+04
-1.451200000000000000e+04
-1.454400000000000000e+04
-1.476400000000000000e+04
-1.430400000000000000e+04
-1.387600000000000000e+04
-1.405600000000000000e+04
-1.466000000000000000e+04
-1.484800000000000000e+04
-1.453200000000000000e+04
-1.446400000000000000e+04
-1.405600000000000000e+04
-1.364000000000000000e+04
-1.383200000000000000e+04
-1.406800000000000000e+04
-1.416800000000000000e+04
-1.456800000000000000e+04
-1.415200000000000000e+04
-1.449200000000000000e+04
-1.405600000000000000e+04
-1.416400000000000000e+04
-1.414400000000000000e+04
-1.383200000000000000e+04
-1.400000000000000000e+04
-1.389600000000000000e+04
-1.352000000000000000e+04
-1.382800000000000000e+04
-1.426800000000000000e+04
-1.397600000000000000e+04
-1.408800000000000000e+04
-1.413200000000000000e+04
-1.467200000000000000e+04
-1.439200000000000000e+04
-1.460800000000000000e+04
-1.434400000000000000e+04
-1.415200000000000000e+04
-1.430800000000000000e+04
-1.463200000000000000e+04
-1.458800000000000000e+04
-1.438800000000000000e+04
-1.444400000000000000e+04
-1.406800000000000000e+04
-1.430000000000000000e+04
-1.377200000000000000e+04
-1.430800000000000000e+04
-1.431200000000000000e+04
-1.432000000000000000e+04
-1.434400000000000000e+04
-1.428800000000000000e+04
-1.454400000000000000e+04
-1.430800000000000000e+04
-1.429200000000000000e+04
-1.436400000000000000e+04
-1.438400000000000000e+04
-1.450800000000000000e+04
-1.401200000000000000e+04
-1.390800000000000000e+04
-1.413600000000000000e+04
-1.389600000000000000e+04
-1.410000000000000000e+04
-1.434400000000000000e+04
-1.446000000000000000e+04
-1.431200000000000000e+04
-1.418800000000000000e+04
-1.448400000000000000e+04
-1.459600000000000000e+04
-1.462800000000000000e+04
-1.471200000000000000e+04
-1.421600000000000000e+04
