-1.040000000000000000e+02
-5.516000000000000000e+03
-6.604000000000000000e+03
-6.416000000000000000e+03
-6.612000000000000000e+03
-6.396000000000000000e+03
-6.540000000000000000e+03
-6.440000000000000000e+03
-6.704000000000000000e+03
-6.584000000000000000e+03
-6.728000000000000000e+03
-6.292000000000000000e+03
-6.356000000000000000e+03
-6.552000000000000000e+03
-6.760000000000000000e+03
-6.800000000000000000e+03
-6.432000000000000000e+03
-6.652000000000000000e+03
-6.688000000000000000e+03
-6.692000000000000000e+03
-6.572000000000000000e+03
-6.776000000000000000e+03
-6.636000000000000000e+03
-6.464000000000000000e+03
-6.292000000000000000e+03
-6.256000000000000000e+03
-6.668000000000000000e+03
-6.588000000000000000e+03
-6.620000000000000000e+03
-6.564000000000000000e+03
-6.580000000000000000e+03
-6.672000000000000000e+03
-6.756000000000000000e+03
-6.632000000000000000e+03
-6.200000000000000000e+03
-6.972000000000000000e+03
-6.620000000000000000e+03
-6.740000000000000000e+03
-6.800000000000000000e+03
-6.692000000000000000e+03
-6.544000000000000000e+03
-6.860000000000000000e+03
-6.732000000000000000e+03
-6.460000000000000000e+03
-6.620000000000000000e+03
-6.396000000000000000e+03
-6.312000000000000000e+03
-6.440000000000000000e+03
-6.300000000000000000e+03
-6.476000000000000000e+03
-6.344000000000000000e+03
-6.588000000000000000e+03
-6.472000000000000000e+03
-6.692000000000000000e+03
-6.992000000000000000e+03
-6.372000000000000000e+03
-6.864000000000000000e+03
-6.200000000000000000e+03
-6.500000000000000000e+03
-6.584000000000000000e+03
-6.768000000000000000e+03
-6.776000000000000000e+03
-6.644000000000000000e+03
-6.696000000000000000e+03
-6.632000000000000000e+03
-6.740000000000000000e+03
-7.100000000000000000e+03
-6.444000000000000000e+03
-6.208000000000000000e+03
-6.816000000000000000e+03
-6.608000000000000000e+03
-6.748000000000000000e+03
-6.844000000000000000e+03
-6.660000000000000000e+03
-6.440000000000000000e+03
-6.748000000000000000e+03
-6.724000000000000000e+03
-6.424000000000000000e+03
-6.444000000000000000e+03
-6.740000000000000000e+03
-6.964000000000000000e+03
-6.428000000000000000e+03
-6.504000000000000000e+03
-6.504000000000000000e+03
-6.672000000000000000e+03
-6.628000000000000000e+03
-6.828000000000000000e+03
-6.792000000000000000e+03
-6.368000000000000000e+03
-6.636000000000000000e+03
-6.828000000000000000e+03
-6.360000000000000000e+03
-6.628000000000000000e+03
-6.476000000000000000e+03
-6.740000000000000000e+03
-6.584000000000000000e+03
-6.648000000000000000e+03
-6.460000000000000000e+03
-6.560000000000000000e+03
-6.744000000000000000e+03
-6.700000000000000000e+03
