1.765624888888888222e+02
1.587607149969130376e+02
1.717916859230926718e+02
1.759660052685363212e+02
2.570851869355908548e+02
1.849972507742540131e+02
1.847044013515159691e+02
2.129767276707839301e+02
2.285976460639822676e+02
1.830050893176502882e+02
2.483908261104223527e+02
2.574774265600015610e+02
2.126013370004205854e+02
2.784600320853940048e+02
3.043931627934683206e+02
3.876955046864465544e+02
2.646319619922136326e+02
3.382641885049465600e+02
2.860246885282677454e+02
3.301609274601536868e+02
3.495243226590505969e+02
3.051668203233992358e+02
3.284446047844850227e+02
2.775005866738569011e+02
2.853060377462525139e+02
3.932551322318030884e+02
2.887756422148102047e+02
3.187430449703736599e+02
3.953746899238284414e+02
3.639695287037565663e+02
3.892119781594237793e+02
4.766717736661786944e+02
4.957804561533412198e+02
4.519806294388276342e+02
4.569789224227558861e+02
3.592924410457887348e+02
3.882516857775081576e+02
4.468693497150576377e+02
3.909532507328864313e+02
4.676195122800518220e+02
4.738958388940559416e+02
7.086701320104087927e+02
6.200228539792389029e+02
4.147207711999946014e+02
5.429466106876822096e+02
5.686565301610492043e+02
6.500522189084221054e+02
5.630032768005191883e+02
7.028822947826661220e+02
6.433054987916017353e+02
5.677928885869062015e+02
6.160223203043635749e+02
7.461811664673430187e+02
6.545647566141723246e+02
8.207891931367430516e+02
8.390163342317251818e+02
6.770232001341167916e+02
6.012256897198898287e+02
7.216536822360717451e+02
7.920550188194365546e+02
8.449826837419296908e+02
8.876058211658452137e+02
7.417481021443225018e+02
1.163506884022636086e+03
8.724115610092782163e+02
1.197328388928298864e+03
9.908656413639977245e+02
9.997743642225265148e+02
8.892491257700015694e+02
1.196338546269201061e+03
1.109523830939153186e+03
1.552902845680729342e+03
1.216740435535637516e+03
1.500027701197868055e+03
1.040566189107516493e+03
1.189548050883845690e+03
1.512621699160262551e+03
1.435118559235188286e+03
1.468194495414513540e+03
1.333082778838464037e+03
1.679418275878980694e+03
1.648696408874364806e+03
1.379872836785273648e+03
1.792521256578076191e+03
1.352066720890901479e+03
1.259957138670727545e+03
1.099524449920438883e+03
1.116817617323591094e+03
1.275694274911975072e+03
1.293751238844803083e+03
1.005700267735838224e+03
1.282274051702560655e+03
1.578502744911702166e+03
1.253275673686126993e+03
1.073045319628320158e+03
7.946294959277298631e+02
8.896421327730447501e+02
9.681235827153495848e+02
1.040913706694365601e+03
8.027672576336470911e+02
7.705730893881243446e+02
9.229980030758454177e+02
7.025247394074403928e+02
7.663955393474585662e+02
5.447459237610958098e+02
8.716950729183042768e+02
6.925583265339718082e+02
6.897406423429864617e+02
5.373916000547767453e+02
4.499911096690153727e+02
7.299341825862564974e+02
6.757548630875692197e+02
6.683720591217232823e+02
5.577013406567240281e+02
6.832745651956287247e+02
6.404199842491690333e+02
6.396021720678569409e+02
6.692006141906589392e+02
5.886285049433781751e+02
5.409347273628999346e+02
5.611559366823313439e+02
5.121965695641051752e+02
6.928634354669667346e+02
5.284935992383977919e+02
3.781409027006258725e+02
5.173721847903748312e+02
5.393940018911058587e+02
4.892579827787310478e+02
3.524861446413108297e+02
4.190317741564408038e+02
3.444569465576759058e+02
4.047596131413824878e+02
3.858493025343210547e+02
5.209579665816493161e+02
3.650944742111211667e+02
3.456277796958310660e+02
5.346720521755829623e+02
4.192870782918708983e+02
4.233745762337704832e+02
4.294299316463180389e+02
4.533839799427632329e+02
4.689288919976763736e+02
3.990426244326474148e+02
3.343421749351840049e+02
2.933445321949025129e+02
3.885299727807617387e+02
3.974168117680377463e+02
4.124296551336147445e+02
4.824784416568757592e+02
5.214197007551032357e+02
2.342319651381308176e+02
3.875766291609613745e+02
3.413541317660507843e+02
3.092172969571336125e+02
2.697268072234769534e+02
3.234628783593694266e+02
4.221401930062292536e+02
3.557844462130113357e+02
3.383274969850526190e+02
3.237060580518573829e+02
3.758006169556434770e+02
2.824435865240854469e+02
2.634485417295850880e+02
3.099556504345830490e+02
2.596690384567221486e+02
2.810554812758338699e+02
3.215296738801637844e+02
3.115462026512522016e+02
3.137112566436965722e+02
2.459521530009027401e+02
2.706349730909305435e+02
2.571868697096396659e+02
2.911857350996987179e+02
3.434069130672438064e+02
2.105523315562589630e+02
2.455314779079174912e+02
2.368821018217524284e+02
3.087393181953289059e+02
3.674711807218170634e+02
2.540229862267825638e+02
2.333882806760953770e+02
2.268286175364360702e+02
2.088832867100890667e+02
2.457025595940756943e+02
2.503527914686849556e+02
2.317722169493877402e+02
2.390936814666895032e+02
2.424427191761309075e+02
2.634771506519669515e+02
2.999490030817066781e+02
2.012371977624142971e+02
2.664637893203176304e+02
2.301579918053911911e+02
2.131605390452580480e+02
2.441387641448410193e+02
1.982354679876738430e+02
2.099273333177429492e+02
2.462674941377574385e+02
2.042782284909561383e+02
2.372440816326529784e+02
