2.472426666666666861e+01
2.534988485856905172e+01
2.758212363636364017e+01
2.872266009852215873e+01
2.289025905383360993e+01
3.148805705024309631e+01
4.356568244766505416e+01
3.992583167999999461e+01
3.768028616852145518e+01
3.399385276461295291e+01
3.649453814756672898e+01
4.421314321372855005e+01
6.543144682170542126e+01
3.115217750385207651e+01
4.155753874425728611e+01
4.766404383561643243e+01
5.562101180030258263e+01
4.681581233082705751e+01
5.738124843049327950e+01
6.368260208023774993e+01
5.728001890694240217e+01
6.526124640234949936e+01
1.158288070072992610e+02
7.186782467343977032e+01
6.532391803751805526e+01
8.555481090387377208e+01
7.953436690442224233e+01
7.214808510638296468e+01
9.697952045133990850e+01
1.501568594670406469e+02
1.002296111576010986e+02
8.634425076282938960e+01
1.386333362758620638e+02
1.030550299039780384e+02
1.115016818553888243e+02
1.351404949796472010e+02
1.599672107962213090e+02
1.496717197315436181e+02
1.412743775700934918e+02
1.312493003984063762e+02
2.372858124174372279e+02
1.701201576872535952e+02
1.869068350326797372e+02
2.546578933680104058e+02
1.863713003880983194e+02
1.996066810810810637e+02
2.089248256081946522e+02
3.782533187261146850e+02
4.241289774397972678e+02
2.325797568726355564e+02
4.382406464240903006e+02
2.353385428214731689e+02
3.794133505590063464e+02
3.681278615574783544e+02
3.560745918819187636e+02
5.657473057527539595e+02
3.260204638246041782e+02
5.151356935757577276e+02
4.085296685162846870e+02
9.162464547418968550e+02
1.518347841338112403e+03
1.494461321284185260e+03
9.337786508875740310e+02
2.249044839575972219e+03
1.915777152637748941e+03
1.592395863710618414e+03
1.278218094308943137e+03
1.681408698497110163e+05
1.181505089988492500e+03
1.500615188087055913e+03
3.279417618244013738e+03
3.276824622928490953e+03
1.940536649943502653e+03
5.097046964139483316e+04
8.380975144994402945e+04
1.722724069930880796e+05
1.282908333886792534e+05
1.659323769600000232e+05
1.413509660690868623e+05
1.418829291531216004e+05
1.391241770547437191e+05
1.186323420942453959e+05
1.470489823792432435e+05
1.225913788942949031e+05
1.080949803764201351e+05
1.114840078411953000e+05
9.886500601487781387e+04
9.165696146031745593e+04
9.030108026891463669e+04
6.520936507366212027e+04
7.282298326018810621e+04
6.259170880000001489e+04
6.580584610238342430e+04
4.962900652136222197e+04
5.017169183967112622e+04
4.975618403193449922e+04
4.161661626992865058e+04
4.230283799065989297e+04
4.103229798260869575e+04
3.341994552990936791e+04
2.858943475947843399e+04
3.364705454865134379e+04
1.753111413810945305e+04
2.687256413002973204e+04
2.344016466021717861e+04
2.138503560196657054e+04
2.155537984329089159e+04
1.989216254517073321e+04
1.844644041282798935e+04
1.494598743000967625e+04
2.018551606557377090e+04
1.674662436042266927e+04
1.483397797129186256e+04
1.576017716224975629e+04
1.248824428186134901e+04
1.191464412412488309e+04
1.293542763430725790e+04
1.012815451643192500e+04
1.000696351730589049e+04
1.158413666430568628e+04
8.600828188672236138e+03
1.006492796743756116e+04
8.480101117788019110e+03
8.218502644628097187e+03
6.457229342360476039e+03
7.783700294621697140e+03
5.728513265031790070e+03
6.180411398371039468e+03
7.543836414066726320e+03
6.913548791374663779e+03
5.748085604297225473e+03
7.529583982872436536e+03
6.537926542222222452e+03
6.740107085916740289e+03
5.185058849779346929e+03
5.976261446613895714e+03
4.718292302191061026e+03
4.936587473187772957e+03
3.689330312271540151e+03
3.468198786470077721e+03
5.650526603975798935e+03
6.338309405684754893e+03
4.311887587982833793e+03
3.044172420188195247e+03
3.828033895993180067e+03
3.738365509600679616e+03
4.294179514987299626e+03
3.507998869198312605e+03
3.829772372750210707e+03
3.870533786420787692e+03
3.220554953383458724e+03
3.941624979184013227e+03
3.690033912697096639e+03
3.459207156989246414e+03
3.232010808903545694e+03
3.133496972226786966e+03
2.363751532186732220e+03
2.772535058938775364e+03
2.328550134418225753e+03
2.685444993349554352e+03
3.241275449636217218e+03
3.372430582433522432e+03
2.700484153574297125e+03
2.928939804003201971e+03
2.069104485235434822e+03
2.901076903102625693e+03
2.897573697700237972e+03
2.477345682845850206e+03
1.560392213711583736e+03
2.739818118460329060e+03
2.484998428191072890e+03
2.444484184855581589e+03
2.249744897120622682e+03
2.903958554538401586e+03
2.350500704717710960e+03
2.235095703315342689e+03
1.816018506379708015e+03
1.788620417471263863e+03
1.861068553705118120e+03
2.617914384767707361e+03
3.043529148671222629e+03
1.874375124905374378e+03
2.234771501886792521e+03
1.621521358013544159e+03
1.707768615753939002e+03
1.849070015856395003e+03
1.347672044146159578e+03
2.071171286245353258e+03
1.409149653965900370e+03
2.077325377087952802e+03
1.941745388946204457e+03
1.557362478177810772e+03
2.077235068717948707e+03
1.946109641490138756e+03
1.467016520903131777e+03
1.946458048511256266e+03
1.353720598986242067e+03
1.942244138050541324e+03
2.276838628653707474e+03
1.425880114285714399e+03
